0.000000
0.053374
0.108032
0.110111
0.032642
-0.120683
-0.002234
0.085217
0.167342
0.117197
-0.116799
-0.018249
-0.031932
-0.071894
-0.246694
0.158507
0.071681
0.098964
0.042015
0.161175
0.039785
-0.001724
0.065757
-0.026832
-0.166895
0.189063
0.053573
0.067596
0.117318
-0.106870
0.006405
0.044386
0.044183
0.002914
0.222181
-0.019065
0.018614
0.076527
0.017789
0.201326
0.042805
0.014946
0.006522
0.058525
0.110087
-0.013479
0.002401
0.031422
0.041246
-0.055937
0.000044
0.012565
0.005366
-0.024685
0.080856
0.029603
0.037090
0.018555
0.029679
0.027233
0.010887
-0.008024
0.003504
0.053728
-0.014863
-0.018721
0.031568
0.035363
0.001141
0.043480
0.009863
0.002583
0.014565
-0.031665
0.001255
0.009254
0.018614
-0.008733
-0.021466
0.043066
0.016643
0.010869
0.018129
-0.136611
-0.012789
-0.019604
0.004075
0.005724
-0.065593
-0.006432
-0.007203
0.001155
-0.016881
0.035760
0.016909
0.010279
0.012627
0.015094
-0.018595
-0.017901
-0.022702
-0.000253
-0.013342
0.045332
0.010901
0.020206
0.025333
0.021487
0.000392
-0.003900
-0.006955
-0.006194
-0.012637
-0.009181
0.000958
0.010888
-0.000167
-0.006561
0.005999
0.006265
-0.013759
-0.009429
0.061278
0.011157
-0.019807
0.006474
-0.003180
0.117444
0.019609
0.009796
-0.000214
0.003549
0.032322
0.003958
0.017202
0.026126
0.006580
0.002921
0.010875
-0.006865
-0.006527
-0.026943
0.037427
0.014211
0.015669
0.020097
0.052492
-0.004673
0.000695
-0.000492
0.002800
-0.026388
0.003055
0.001620
0.000332
0.005250
-0.013379
0.010068
0.012181
-0.002848
0.007452
0.021370
0.001153
0.008319
0.017010
0.007644
-0.039494
0.002835
0.000041
0.016843
0.016624
-0.041940
-0.014357
-0.000680
-0.006997
-0.001952
-0.013979
-0.010239
-0.015063
-0.005516
0.008509
-0.012644
0.000165
-0.001171
0.001975
-0.027984
0.008703
-0.001515
0.004164
0.006886
-0.002483
0.000541
0.009312
-0.001953
-0.009056
0.028654
-0.005359
-0.010444
-0.000832
-0.000402
-0.024430
-0.002648
0.005674
-0.000130
-0.010006
0.014817
-0.007402
-0.005352
-0.007480
-0.000087
0.008107
0.005270
0.010364
0.008385
-0.011287
0.015539
-0.001589
-0.000859
0.005612
-0.007956
0.007059
0.006519
0.007897
0.005472
0.012479
0.007736
0.002452
0.001260
-0.008270
0.007054
0.006990
0.002033
0.008335
0.005070
0.009331
0.002402
0.006309
0.011992
0.003452
-0.005821
0.011302
0.008747
0.012366
-0.007084
0.003380
0.004806
0.004622
0.003544
0.005989
-0.008535
-0.001375
-0.000872
0.010383
0.003485
0.002707
-0.001658
0.005496
0.006477
-0.005209
0.004327
0.007796
0.001339
0.004953
0.009647
-0.000583
0.008140
-0.007277
-0.002359
-0.005035
-0.010204
-0.016935
0.007739
0.000056
-0.016195
0.008339
0.011336
0.004775
0.007811
0.008681
0.014594
0.002464
0.002017
-0.000526
0.005801
0.000012
-0.004250
-0.003337
0.001300
-0.007440
-0.000869
-0.009131
0.003054
-0.019082
0.027016
0.017029
0.001758
0.004377
0.003485
0.000965
-0.004046
0.006263
-0.000239
-0.003628
0.002244
0.008442
-0.000882
0.015731
0.006019
0.003220
0.006766
0.002239
-0.004257
-0.007151
-0.003710
-0.003492
-0.002247
0.005455
-0.008739
0.011794
0.009802
0.004313
0.007213
0.009256
0.001376
-0.001249
-0.002815
0.005922
0.002821
0.003136
0.010002
0.004336
0.010258
0.003610
0.003279
-0.005031
0.005426
0.013546
-0.011395
-0.004507
-0.004706
-0.003507
0.009962
-0.003376
-0.008616
-0.001478
-0.003613
-0.007275
0.008550
-0.005122
0.001785
-0.001751
0.008091
0.004829
-0.003352
0.005886
-0.000709
0.003668
0.007576
-0.007150
-0.003561
0.001775
-0.004829
-0.007842
0.001600
0.001478
-0.002395
0.005192
-0.001616
0.004851
-0.000264
0.002630
-0.003478
-0.005624
-0.010118
-0.000815
-0.001121
0.002705
-0.003828
0.000631
-0.009056
-0.027890
0.022800
0.013717
0.008415
0.009409
0.005083
0.010917
0.006385
0.003111
-0.005800
-0.001910
0.011854
-0.003485
-0.000377
0.004556
-0.000049
-0.000960
0.007016
0.000590
0.000729
0.010499
0.012212
0.002137
0.006015
0.005372
-0.005436
-0.003302
-0.002504
0.001891
-0.001969
0.003255
0.005300
-0.002434
-0.008746
-0.008056
0.006874
0.001086
0.006324
0.010539
0.014686
0.002299
0.008436
0.009636
-0.004933
0.010215
-0.008456
0.001194
-0.001425
-0.000812
-0.002911
0.002211
-0.001182
-0.005216
-0.001786
0.002108
-0.006822
-0.001257
0.005123
-0.002514
-0.010009
-0.008315
-0.002008
0.000906
0.000597
0.016577
0.000587
0.002570
0.006771
0.003495
0.004675
-0.003272
0.000470
0.000721
0.003845
0.001007
0.000517
0.000620
-0.001803
-0.001852
-0.002248
-0.000499
0.007271
-0.000318
-0.002103
-0.003057
0.004293
-0.003778
-0.007788
-0.017965
0.008685
0.002254
0.007586
-0.003972
-0.002781
0.002552
0.009535
-0.000198
-0.002186
0.006119
-0.001339
0.000483
0.003779
-0.000198
-0.001432
0.003519
0.005302
0.004681
0.006186
-0.004149
-0.000114
-0.006008
0.004668
-0.004921
-0.003335
-0.002622
0.000501
0.001631
-0.001140
-0.002437
0.002292
0.005126
-0.002111
-0.007500
0.000573
0.003081
-0.002363
0.001716
-0.000970
-0.002388
-0.003682
-0.003317
0.003311
0.014282
0.002986
0.002059
0.007292
-0.002104
0.000751
0.001077
0.003895
-0.004777
0.000083
-0.001909
0.005134
0.000352
0.004902
-0.002650
-0.007651
-0.002959
0.002045
-0.000995
-0.004158
0.006681
0.003586
0.002826
0.004230
-0.002897
-0.006187
0.000412
-0.002153
-0.005480
0.000010
0.003702
-0.002692
0.004108
0.004877
0.003345
-0.003582
-0.000002
0.001084
-0.001361
0.005831
-0.000675
0.000573
0.000066
0.002849
-0.001468
-0.003499
-0.001317
-0.000509
-0.002674
-0.002010
0.001727
0.004088
0.002480
-0.003075
0.000409
-0.002641
0.000827
-0.001722
0.001015
-0.000792
0.001044
0.002820
-0.001180
0.002834
-0.000730
-0.001544
-0.000088
-0.002595
-0.004358
-0.000615
-0.003798
0.003552
0.002896
0.008552
0.000493
-0.001777
-0.002621
0.003896
-0.000953
0.001692
-0.003512
-0.001460
0.004491
0.003608
0.001308
0.002054
-0.007420
-0.005697
-0.002244
-0.000843
0.003475
0.002491
0.000530
-0.000043
0.003513
-0.000603
-0.000019
0.002777
-0.004027
-0.004247
-0.002662
-0.002244
-0.000389
0.000815
0.001482
0.000530
0.000896
-0.002353
0.000041
0.001668
-0.003901
-0.003801
-0.004408
-0.003250
0.002131
0.002515
-0.002330
-0.004144
-0.002742
-0.000543
0.001657
-0.003204
-0.001024
0.004621
0.000841
0.003810
0.006197
0.005421
0.002524
0.006897
-0.001460
-0.004375
0.000343
-0.004430
-0.001609
0.000812
-0.000416
0.000065
-0.001967
-0.001071
-0.000506
-0.000092
0.004098
0.004640
0.002025
-0.002746
-0.006781
0.000436
0.000163
-0.001732
0.000030
0.004840
-0.000702
0.001311
-0.000110
0.003124
-0.002771
0.001254
0.000661
0.000940
0.001538
0.008522
-0.000103
0.004530
-0.002644
0.002727
0.004436
-0.003733
-0.002808
-0.000381
-0.000056
0.008347
0.003486
0.003386
-0.006856
-0.000186
0.003553
-0.001806
-0.002900
0.003845
0.000680
-0.003685
0.003044
0.004059
-0.002181
0.000540
0.002226
-0.000402
0.000798
-0.005307
-0.000391
0.000610
-0.001983
-0.000004
0.000285
0.002167
-0.001078
-0.001022
0.000207
-0.000800
0.004277
0.000478
0.002152
0.004288
0.000611
0.001840
-0.002813
0.002749
-0.003962
-0.000679
-0.004329
-0.003051
-0.002473
0.000185
0.001869
-0.003272
-0.001288
-0.000515
-0.001192
-0.002238
0.004065
0.000360
-0.002100
0.002713
0.003410
-0.001010
0.000074
0.002941
-0.002473
-0.001539
-0.003372
0.000103
-0.000522
-0.002415
-0.002505
0.002407
0.000415
0.001844
0.000234
0.002672
0.001157
0.001104
0.001699
0.001850
-0.003654
-0.003096
0.003198
-0.001530
0.000124
-0.003918
0.000744
-0.004912
-0.002055
0.000228
0.004480
0.001788
-0.002561
0.004478
-0.000083
0.003533
-0.001300
-0.000306
-0.002423
0.001370
0.002446
-0.002991
-0.000998
-0.001530
0.001322
-0.002997
-0.000157
0.002634
0.003350
-0.002183
-0.000947
0.000428
0.000767
0.001406
-0.003303
0.000606
-0.002724
-0.002420
-0.001008
0.001447
0.001770
0.001010
0.002706
0.001340
0.004298
0.000568
0.001068
0.001939
0.001984
-0.000159
-0.000793
0.000302
0.001111
-0.001347
-0.000487
-0.000497
-0.000233
-0.000569
-0.000433
-0.001217
-0.002171
0.000984
-0.000142
0.000068
0.001313
-0.000871
0.001196
0.000148
-0.001493
0.001168
-0.002618
0.001492
0.003210
0.006341
0.003956
0.000114
-0.001494
-0.003221
-0.001136
-0.000551
0.002006
0.001346
-0.000341
0.001715
0.001968
-0.001797
0.001397
-0.001886
0.000612
-0.006841
0.000965
-0.000271
-0.000526
0.000886
0.002687
-0.001364
-0.003477
0.000927
0.001495
0.000118
-0.000907
0.000832
0.001494
-0.001292
-0.000622
-0.002407
-0.004060
0.001022
0.001574
-0.002907
-0.000148
0.002497
0.000296
-0.002483
0.001761
0.000685
0.001506
0.001937
-0.002320
0.001362
0.000961
0.001146
-0.000814
-0.000912
-0.000330
-0.001553
0.000558
0.000740
-0.002432
0.001541
0.000705
-0.001278
-0.003635
0.000440
0.000061
0.000344
0.000307
-0.001082
-0.000948
0.000228
0.001981
0.001377
-0.001975
0.001717
0.000149
-0.001169
0.000530
-0.001687
-0.000965
-0.000087
0.002304
-0.003057
0.000022
-0.001896
-0.002007
0.001018
0.001954
0.000681
0.000986
-0.001391
0.000402
0.001083
0.001302
0.001555
0.000413
-0.001916
-0.001106
-0.001421
-0.000644
-0.000107
-0.002270
0.001935
0.000115
0.001273
-0.000803
-0.001795
0.002126
-0.002995
0.000441
0.000353
-0.001087
0.000186
0.000530
0.001411
0.000289
0.000621
0.000124
-0.000362
-0.001559
0.001208
0.000920
0.001885
-0.000182
0.002052
0.002556
-0.002598
0.000349
-0.000206
-0.000968
0.000023
0.000466
-0.000290
-0.002021
-0.001010
0.001304
-0.000128
0.001122
0.000301
0.000906
-0.000597
-0.002152
-0.000271
0.005247
0.000260
-0.001001
-0.000996
0.001108
-0.000942
0.001048
-0.000845
-0.001976
0.000794
0.001075
0.000608
-0.001859
0.001658
0.002184
-0.000629
-0.000147
-0.000334
-0.002426
-0.000191
0.000627
0.000067
-0.000099
0.000323
0.002379
0.003862
-0.000413
0.001059
-0.000029
0.000406
0.000605
0.000333
-0.000872
0.001758
-0.001897
-0.000028
-0.000794
-0.001235
0.000524
0.001227
0.002665
-0.000175
0.000343
0.000263
-0.001384
0.001081
0.001729
-0.000574
-0.000451
-0.000574
-0.001320
-0.000101
-0.000012
0.000977
-0.000757
0.001056
0.000000
