-1.549683
-0.071298
-0.137809
-0.015029
-0.135696
0.071853
-0.011399
-0.121775
-0.025122
-0.009631
-0.241421
0.006068
0.008233
-0.028340
-0.062945
0.057056
-0.013850
0.002760
0.027881
0.106031
-0.077125
-0.067172
-0.022126
0.015014
-0.148993
-0.027008
-0.047437
-0.097870
-0.089002
-0.192588
0.067031
0.043844
0.077605
0.003968
0.019081
0.060958
-0.037526
-0.011318
-0.016044
-0.064561
-0.007601
-0.022776
0.031252
-0.048880
-0.132331
-0.011740
-0.018124
-0.001871
-0.008857
-0.024176
0.010568
-0.017289
0.008092
-0.018419
0.013143
-0.002793
-0.031382
0.028057
-0.049962
0.008091
-0.006643
-0.015850
-0.016102
-0.020927
-0.009585
-0.006886
0.009696
0.029790
0.051818
-0.029166
0.008032
-0.040082
-0.015112
-0.022717
-0.010873
-0.028250
-0.016117
0.000939
0.024404
0.009748
-0.008619
0.008871
0.004961
-0.049802
-0.024526
-0.003629
-0.018220
-0.039271
0.068208
0.014734
-0.010226
-0.015232
-0.009170
-0.009113
-0.001090
-0.001236
0.000112
0.008975
0.000079
0.003487
0.009585
-0.013182
-0.046601
0.010820
-0.007708
-0.004311
0.009376
0.032786
-0.013715
0.013262
0.009954
-0.002261
-0.030521
-0.007820
-0.019205
0.007387
-0.013367
-0.032314
0.007439
-0.005108
0.001601
0.015331
0.051111
0.005380
-0.013522
-0.003878
0.002037
0.012148
-0.001229
-0.008658
0.005995
0.008627
-0.040421
-0.000278
-0.018254
-0.015345
-0.012315
0.017484
0.013236
-0.001728
0.007367
0.018501
-0.031245
-0.009838
-0.010890
-0.007608
-0.009570
-0.000978
0.011603
0.000536
-0.007351
-0.018907
0.014920
-0.001667
-0.000472
0.002145
0.049860
-0.027385
-0.008236
-0.006948
0.000284
-0.038366
-0.006712
-0.015506
0.008597
0.008733
-0.047397
-0.000748
0.011335
-0.005103
0.001645
-0.001726
-0.008160
0.001397
-0.006307
-0.005955
0.005624
-0.001807
0.007671
0.000914
0.007619
-0.010596
-0.010213
0.000702
0.001308
-0.016710
0.001697
0.001378
-0.001420
-0.009778
0.015328
0.004212
-0.006555
0.010758
0.001188
-0.002639
0.005645
0.002503
-0.003920
-0.006637
-0.009942
-0.003536
0.001824
-0.001512
-0.005810
0.017146
0.007876
-0.004478
-0.008332
0.002380
0.003510
-0.006790
0.001449
0.001714
-0.013238
0.022336
0.011080
-0.002222
-0.003208
0.009795
0.000945
0.010094
0.002143
0.007652
0.010062
0.004409
0.005675
0.003282
-0.002508
-0.013974
-0.004388
-0.004188
0.005157
-0.004837
-0.011319
0.012593
0.002494
0.007670
0.015010
0.026041
0.000082
0.001313
-0.002541
0.006164
-0.006326
-0.001646
-0.008750
-0.006860
0.005826
-0.014109
-0.008106
0.005927
0.008404
-0.010693
0.003125
0.006252
0.001798
-0.006352
0.007138
-0.009704
0.000155
-0.001481
0.003114
0.000239
-0.000189
0.001691
-0.003344
-0.000516
-0.003971
-0.009283
0.004619
0.002778
-0.003188
-0.004385
0.002620
0.005983
-0.004329
0.005845
-0.005461
-0.002097
-0.003485
0.007569
0.002261
-0.009967
-0.000531
0.004079
-0.001888
-0.006739
-0.001381
-0.007827
-0.000341
-0.004332
-0.002036
0.003871
-0.000127
-0.006293
0.003284
0.011458
-0.010551
-0.012108
-0.002827
0.000236
-0.005919
0.001556
-0.001559
-0.000528
-0.003628
-0.000093
-0.007588
-0.001888
-0.006535
-0.003874
-0.006009
0.000244
0.008900
-0.002729
0.004285
0.003051
-0.001526
-0.002159
-0.004762
-0.003571
-0.014414
-0.002977
-0.006273
-0.006547
-0.003822
0.015959
0.005275
0.010615
0.006676
0.004234
-0.012927
-0.005980
-0.001988
-0.008357
0.003361
-0.005693
0.001865
-0.009422
-0.002235
-0.010801
0.003394
-0.007293
-0.005940
0.002825
-0.001256
-0.000285
-0.006763
0.005564
0.002384
-0.001832
0.002983
0.000852
-0.010070
-0.001046
-0.001654
-0.006070
-0.005231
0.004234
0.005976
0.002231
-0.003227
0.004837
0.001223
-0.004838
0.000430
-0.000520
-0.001942
-0.001604
0.003444
-0.010203
-0.002038
-0.001992
-0.007798
-0.010953
0.019328
0.005810
0.005762
0.006554
0.001564
-0.000576
0.003920
0.007465
-0.001798
0.000182
-0.009153
-0.004960
-0.003945
0.005477
0.002059
-0.003905
-0.008044
0.011969
-0.002478
0.000316
0.009715
-0.000838
0.000099
-0.001361
0.008509
-0.002147
0.001475
-0.000271
-0.001127
-0.006987
0.004073
-0.000805
0.006151
-0.002561
-0.000575
0.006264
0.003466
-0.000420
0.000324
-0.002912
0.004072
0.004352
0.012832
0.014790
-0.010358
-0.005106
0.025596
-0.037043
-0.002427
-0.012354
-0.002222
-0.008724
0.004119
0.003722
-0.004893
-0.000973
-0.010892
-0.009602
-0.008510
0.002004
-0.004563
-0.007565
-0.003553
-0.005716
-0.002668
0.000087
-0.005445
-0.008579
0.004182
-0.005823
-0.001652
-0.003999
0.000336
-0.006639
-0.004512
-0.008299
0.002207
-0.008804
0.002349
-0.003564
-0.000538
-0.003590
-0.001980
-0.003506
0.003055
-0.009541
-0.000863
-0.015151
0.003445
-0.004458
0.006464
0.000151
-0.005749
0.000790
0.002978
-0.005362
-0.001972
-0.003516
-0.005428
0.001220
0.004543
0.000821
0.001442
-0.005710
0.000593
-0.008322
0.002499
-0.006131
-0.003532
-0.001339
0.003189
-0.001280
0.003595
0.003498
0.001748
0.000105
-0.000160
-0.000084
-0.000243
-0.001723
0.003375
0.001865
-0.005277
-0.005602
0.002637
-0.003136
-0.005372
0.003762
0.005333
-0.003805
-0.000295
0.008920
-0.004056
-0.006158
0.001168
-0.003192
0.006470
-0.008103
0.003709
-0.002999
-0.002332
0.001186
-0.004693
-0.004840
0.001507
0.000406
0.000779
-0.006564
0.000635
0.002861
-0.001449
-0.003836
-0.001816
-0.000370
-0.003723
-0.003477
-0.004893
-0.006949
-0.000093
-0.001061
0.001740
-0.004747
-0.003068
-0.004254
-0.000642
-0.004483
-0.001388
0.002275
0.005409
0.000024
-0.000309
0.003363
-0.000278
-0.006131
-0.003651
-0.004987
0.000164
-0.001294
0.000638
-0.001235
-0.002864
-0.000199
0.003368
0.001570
0.001163
0.001407
-0.002993
-0.002084
0.001074
-0.007416
-0.002187
-0.003239
-0.000811
0.008957
0.004498
-0.004956
-0.003010
-0.003314
-0.002766
-0.000762
0.003237
-0.000208
-0.000491
-0.003391
0.002853
0.006115
0.000759
0.001106
0.002861
0.005318
-0.004583
-0.003369
-0.000303
-0.002129
-0.003365
-0.001378
0.001049
-0.000286
0.003876
-0.002581
0.002054
-0.004365
-0.004938
0.000909
-0.007995
-0.004054
-0.001960
-0.002585
0.001966
0.002100
0.005145
-0.000410
-0.001524
-0.001591
0.001799
0.001187
0.001098
-0.004143
-0.001900
0.005201
-0.001568
-0.001286
-0.002669
0.001081
-0.002386
-0.005162
0.001073
-0.002115
-0.002890
-0.000769
-0.003084
-0.005944
-0.000756
-0.002089
0.000075
0.000608
0.002009
0.001523
-0.001159
0.000388
0.001334
-0.001312
0.002524
-0.001591
-0.005632
-0.003291
-0.000631
-0.000592
-0.002152
-0.004117
-0.001409
-0.008232
-0.003720
0.002047
0.002022
-0.000338
-0.001811
-0.000609
-0.009146
0.001577
-0.000804
-0.005109
-0.000625
-0.002695
-0.003395
-0.001856
-0.002996
-0.003072
0.000707
0.002899
-0.000803
0.002191
0.002865
-0.003698
0.002668
-0.004917
-0.005116
-0.000115
0.004000
-0.002380
-0.005262
-0.004171
0.005264
-0.003297
-0.005939
0.001560
-0.001759
0.003326
-0.005795
0.001746
-0.000806
-0.002409
-0.003958
-0.001641
-0.002782
-0.000647
-0.000030
0.004889
-0.001741
0.000985
0.001659
0.000453
-0.004651
0.002587
-0.004549
-0.002410
-0.004092
-0.004467
-0.001530
-0.000264
-0.007198
-0.000045
-0.001103
0.001672
0.004268
0.002106
-0.001119
-0.000278
0.002510
0.002850
-0.002986
-0.004995
-0.003645
-0.001077
-0.001793
-0.000989
-0.004158
-0.002587
0.001731
-0.000181
-0.002282
0.002464
0.000160
-0.000372
0.002015
0.000052
-0.002867
0.002736
-0.000501
-0.000561
-0.000824
0.000392
-0.000922
-0.006524
-0.001369
-0.001325
0.000836
-0.004796
0.000821
0.004369
0.002973
-0.002057
-0.000219
-0.000894
-0.003803
-0.003012
0.003235
-0.000210
-0.001525
-0.001510
-0.000156
-0.002784
-0.006619
-0.002516
-0.001961
-0.000461
-0.005751
0.000110
-0.000931
-0.004092
0.002067
-0.001090
-0.001310
-0.005590
-0.002530
0.001444
0.001426
-0.000023
0.000098
0.000100
-0.001229
0.001658
-0.000138
-0.003168
0.001243
0.001403
-0.000827
0.001018
-0.001114
-0.002168
-0.000534
-0.000942
-0.002813
-0.003161
-0.000865
-0.000069
-0.003096
-0.003082
0.002760
-0.002664
0.001307
0.002651
-0.002414
0.001446
-0.001049
0.001555
-0.001068
-0.001307
0.000720
0.001730
-0.001266
-0.001559
-0.002814
0.002453
-0.004416
-0.003374
0.002993
0.004032
-0.001817
-0.003470
0.000597
-0.000877
-0.004460
-0.003477
-0.002392
-0.002040
-0.000534
0.001366
-0.000210
0.001074
-0.000235
0.000084
0.000378
-0.004809
-0.000753
-0.002057
-0.000271
-0.000218
-0.003350
-0.000906
0.000515
0.001301
-0.001240
-0.001255
0.002135
0.000157
-0.000961
0.002316
-0.000101
-0.001293
-0.000384
-0.001090
-0.003563
-0.002328
-0.001303
-0.001363
-0.000825
0.000074
0.000746
-0.000717
-0.001756
-0.004393
0.000183
-0.000766
-0.003956
-0.000492
-0.002268
0.003719
-0.003385
-0.000058
0.000642
-0.001571
-0.001516
0.003996
-0.001021
0.000567
-0.001167
-0.001711
-0.000507
-0.000720
-0.002039
-0.003655
-0.001750
-0.000344
0.002117
-0.000613
0.000102
0.001187
-0.000068
-0.001159
-0.002240
-0.002342
0.001981
0.000292
-0.000801
-0.000263
-0.000762
0.000500
-0.000593
-0.002253
0.000359
-0.000074
0.001420
-0.002115
-0.001085
-0.003120
-0.000581
-0.001896
-0.002200
-0.000899
0.000110
0.000601
-0.000001
0.001575
0.001702
-0.001286
-0.002568
-0.000138
-0.002654
-0.001698
0.001228
-0.002564
0.000774
0.000215
-0.003525
-0.001030
-0.001749
-0.000504
-0.001651
0.000464
0.001475
-0.000904
0.000396
-0.000174
-0.001518
0.000638
0.000853
-0.002652
-0.002584
-0.001117
-0.000874
-0.000828
-0.001239
-0.000810
-0.003142
-0.001169
-0.000240
-0.001716
0.001889
0.003738
-0.000187
-0.004165
-0.002395
-0.001104
-0.002524
-0.001150
-0.001312
0.001811
-0.002687
-0.000803
0.000299
0.000097
0.000404
0.000054
-0.000891
-0.000043
-0.002457
-0.002144
-0.002046
-0.000376
-0.000428
0.001837
-0.000638
-0.003022
-0.000266
-0.000547
-0.002243
-0.000674
-0.001912
-0.001023
-0.001475
-0.000610
-0.001174
-0.000506
-0.002967
-0.001917
-0.000094
-0.003224
-0.001073
-0.000297
-0.000839
-0.001817
-0.000282
0.000943
0.000316
0.001197
0.000631
-0.000603
-0.000077
-0.002450
-0.001679
-0.002888
-0.000880
0.000537
-0.002917
-0.000575
0.000446
-0.000034
-0.000940
-0.002322
0.000817
0.001104
-0.001753
0.000293
-0.000921
0.000513
-0.001306
-0.001448
-0.000931
-0.002128
-0.001092
-0.000699
-0.000623
-0.001940
0.000224
0.000689
0.000386
-0.001530
0.000610
